0.01 0.08105006788189469 69 8.105006788189455 99.99999999999983 0.08079313589591118 0.0002569319859835051
0.02 0.1419571480818418 34 7.09785740409208 49.999999999999936 0.14144054254182067 0.0005166055400211145
0.03 0.19527937700426024 23 6.509312566808672 33.33333333333332 0.1943918578315762 0.000887519172684037
0.04 0.2433311022315382 17 6.083277555788454 24.999999999999996 0.24229218908241482 0.0010389131491233827
0.05 0.2880788526043427 14 5.761577052086852 19.999999999999993 0.28639695711595625 0.0016818954883864312
0.060000000000000005 0.3291919818614618 11 5.486533031024361 16.66666666666666 0.32744491915447627 0.0017470627069855471
0.06999999999999999 0.3677669767365242 10 5.253813953378922 14.285714285714299 0.3659236509002231 0.0018433258363010907
0.08 0.40434490900590625 8 5.054311362573831 12.500000000000007 0.4021791902022728 0.0021657188036334762
0.09 0.43948136073599864 7 4.883126230399986 11.111111111111114 0.43646981706410287 0.0030115436718957667
0.09999999999999999 0.4725119133852184 7 4.725119133852186 10.000000000000004 0.4689955935892812 0.003516319795937195
0.11 0.5032162212543958 6 4.574692920494508 9.090909090909092 0.499915958164528 0.0033002630898678054
0.12 0.5331572446011953 5 4.442977038343294 8.333333333333332 0.5293608652873644 0.003796379313830922
0.13 0.5606717714771322 5 4.3128597805933255 7.692307692307694 0.557438185027989 0.0032335864491431776
0.14 0.5881502700467071 5 4.201073357476478 7.142857142857141 0.584238811642856 0.003911458403851098
0.15000000000000002 0.6138116345663516 4 4.0920775637756766 6.666666666666665 0.6098403047164005 0.003971329849951077
0.16 0.6386434456317809 4 3.991521535198629 6.249999999999998 0.6343095546405662 0.004333890991214728
0.17 0.6635526599749506 4 3.9032509410291203 5.882352941176469 0.6577047787442195 0.0058478812307311
0.18000000000000002 0.6885401515490013 4 3.8252230641611167 5.555555555555554 0.6800770457282799 0.008463105820721406
0.19 0.7084538339888892 3 3.7287043894152077 5.263157894736844 0.7014714598838974 0.0069823741049918064
0.2 0.7278688524590163 3 3.639344262295083 5.000000000000002 0.7219280948873623 0.005940757571654021
0.21000000000000002 0.747244107534899 3 3.5583052739757104 4.761904761904763 0.7414827399312737 0.005761367603625334
0.22 0.7665784625690837 3 3.4844475571322 4.545454545454547 0.7601675029619657 0.006410959607118016
0.23 0.7858707520419823 3 3.4168293567042713 4.347826086956522 0.7780113035465377 0.007859448495444621
0.24000000000000002 0.805119780971937 3 3.354665754049738 4.166666666666667 0.7950402793845222 0.010079501587414885
0.25 0.8214285714285714 2 3.2857142857142856 4 0.8112781244591328 0.010150446969438565
0.26 0.834712643678161 2 3.2104332449160036 3.846153846153846 0.8267463724926178 0.007966271185543161
0.27 0.8480346820809249 2 3.140869192892314 3.7037037037037033 0.8414646362081757 0.006570045872749231
0.28 0.8613953488372094 2 3.0764119601328903 3.571428571428571 0.8554508105601306 0.005944538277078748
0.29000000000000004 0.8747953216374269 2 3.016535591853196 3.4482758620689653 0.8687212463394046 0.006074075298022286
0.3 0.8882352941176472 2 2.9607843137254903 3.333333333333333 0.8812908992306927 0.00694439488695453
0.31 0.9017159763313609 2 2.9087612139721317 3.225806451612903 0.8931734583778568 0.008542517953504136
0.32 0.9152380952380954 2 2.8601190476190474 3.124999999999999 0.9043814577244939 0.010856637513601552
0.33 0.928802395209581 2 2.814552712756305 3.0303030303030294 0.9149263727797275 0.013876022429853418
0.34 0.9424096385542169 2 2.7717930545712255 2.9411764705882346 0.9248187049730301 0.017590933581186796
0.35000000000000003 0.956060606060606 2 2.731601731601731 2.8571428571428568 0.934068055375491 0.021992550685115075
0.36000000000000004 0.9697560975609757 2 2.693766937669376 2.777777777777777 0.9426831892554923 0.027072908305483367
0.37 0.9834969325153377 2 2.6580998176090205 2.7027027027027026 0.9506720926870659 0.03282483982827178
0.38 0.9972839506172839 2 2.6244314489928526 2.6315789473684212 0.9580420222262995 0.03924192839098439
0.39 1 1 2.564102564102564 2.564102564102564 0.9647995485050872 0.0352004514949128
0.4 1 1 2.5 2.5 0.9709505944546686 0.02904940554533142
0.41000000000000003 1 1 2.4390243902439024 2.4390243902439024 0.976500468757824 0.023499531242175964
0.42000000000000004 1 1 2.380952380952381 2.380952380952381 0.9814538950336537 0.018546104966346344
0.43 1 1 2.3255813953488373 2.3255813953488373 0.9858150371789197 0.014184962821080283
0.44 1 1 2.272727272727273 2.272727272727273 0.9895875212220556 0.010412478777944378
0.45 1 1 2.2222222222222223 2.2222222222222223 0.9927744539878083 0.007225546012191719
0.46 1 1 2.1739130434782608 2.1739130434782608 0.9953784388202257 0.004621561179774303
0.47000000000000003 1 1 2.127659574468085 2.127659574468085 0.9974015885677396 0.0025984114322603613
0.48000000000000004 1 1 2.083333333333333 2.083333333333333 0.998845535995202 0.001154464004798017
0.49 1 1 2.0408163265306123 2.0408163265306123 0.9997114417528099 0.00028855824719009604
0.5 1 1 2 2 1 0
0.51 1 1 1.9607843137254901 1.9607843137254901 0.9997114417528099 0.00028855824719009604
0.52 1 1 1.923076923076923 1.923076923076923 0.9988455359952018 0.001154464004798239
0.53 1 1 1.8867924528301885 1.8867924528301885 0.9974015885677396 0.0025984114322603613
0.54 1 1 1.8518518518518516 1.8518518518518516 0.9953784388202257 0.004621561179774303
0.55 1 1 1.8181818181818181 1.8181818181818181 0.9927744539878083 0.007225546012191719
0.56 1 1 1.7857142857142856 1.7857142857142856 0.9895875212220556 0.010412478777944378
0.5700000000000001 1 1 1.7543859649122806 1.7543859649122806 0.9858150371789198 0.014184962821080171
0.5800000000000001 1 1 1.7241379310344827 1.7241379310344827 0.9814538950336534 0.018546104966346566
0.59 1 1 1.6949152542372883 1.6949152542372883 0.976500468757824 0.023499531242175964
0.6 1 1 1.6666666666666667 1.6666666666666667 0.9709505944546686 0.02904940554533142
0.61 1 1 1.639344262295082 1.639344262295082 0.9647995485050872 0.0352004514949128
0.62 1 1 1.6129032258064517 1.6129032258064517 0.9580420222262995 0.04195797777370047
0.63 1 1 1.5873015873015872 1.5873015873015872 0.9506720926870659 0.04932790731293413
0.64 1 1 1.5625 1.5625 0.9426831892554922 0.057316810744507785
0.65 1 1 1.5384615384615383 1.5384615384615383 0.934068055375491 0.06593194462450902
0.66 1 1 1.5151515151515151 1.5151515151515151 0.92481870497303 0.07518129502697002
0.67 1 1 1.4925373134328357 1.4925373134328357 0.9149263727797274 0.08507362722027256
0.68 1 1 1.4705882352941175 1.4705882352941175 0.9043814577244937 0.09561854227550626
0.6900000000000001 1 1 1.4492753623188404 1.4492753623188404 0.8931734583778567 0.10682654162214333
0.7000000000000001 1 1 1.4285714285714284 1.4285714285714284 0.8812908992306926 0.11870910076930741
0.7100000000000001 1 1 1.408450704225352 1.408450704225352 0.8687212463394044 0.1312787536605956
0.72 1 1 1.3888888888888888 1.3888888888888888 0.8554508105601306 0.14454918943986939
0.73 1 1 1.36986301369863 1.36986301369863 0.8414646362081757 0.1585353637918243
0.74 1 1 1.3513513513513513 1.3513513513513513 0.8267463724926178 0.17325362750738216
0.75 1 1 1.3333333333333333 1.3333333333333333 0.8112781244591328 0.18872187554086717
0.76 1 1 1.3157894736842106 1.3157894736842106 0.7950402793845223 0.20495972061547774
0.77 1 1 1.2987012987012987 1.2987012987012987 0.7780113035465376 0.22198869645346242
0.78 1 1 1.282051282051282 1.282051282051282 0.7601675029619656 0.23983249703803444
0.79 1 1 1.2658227848101264 1.2658227848101264 0.7414827399312736 0.25851726006872644
0.8 1 1 1.25 1.25 0.7219280948873623 0.2780719051126377
0.81 1 1 1.2345679012345678 1.2345679012345678 0.7014714598838974 0.29852854011610264
0.8200000000000001 1 1 1.2195121951219512 1.2195121951219512 0.6800770457282796 0.31992295427172035
0.8300000000000001 1 1 1.2048192771084336 1.2048192771084336 0.6577047787442193 0.3422952212557807
0.8400000000000001 1 1 1.1904761904761905 1.1904761904761905 0.6343095546405659 0.36569044535943407
0.85 1 1 1.1764705882352942 1.1764705882352942 0.6098403047164005 0.3901596952835995
0.86 1 1 1.1627906976744187 1.1627906976744187 0.584238811642856 0.41576118835714404
0.87 1 1 1.1494252873563218 1.1494252873563218 0.557438185027989 0.44256181497201097
0.88 1 1 1.1363636363636365 1.1363636363636365 0.5293608652873644 0.47063913471263563
0.89 1 1 1.1235955056179776 1.1235955056179776 0.49991595816452794 0.5000840418354721
0.9 1 1 1.1111111111111112 1.1111111111111112 0.4689955935892811 0.5310044064107189
0.91 1 1 1.0989010989010988 1.0989010989010988 0.4364698170641028 0.5635301829358972
0.92 1 1 1.0869565217391304 1.0869565217391304 0.40217919020227266 0.5978208097977273
0.93 1 1 1.075268817204301 1.075268817204301 0.36592365090022305 0.634076349099777
0.9400000000000001 1 1 1.0638297872340425 1.0638297872340425 0.32744491915447593 0.6725550808455241
0.9500000000000001 1 1 1.0526315789473684 1.0526315789473684 0.2863969571159558 0.7136030428840442
0.9600000000000001 1 1 1.0416666666666665 1.0416666666666665 0.2422921890824144 0.7577078109175857
0.97 1 1 1.0309278350515465 1.0309278350515465 0.1943918578315763 0.8056081421684237
0.98 1 1 1.0204081632653061 1.0204081632653061 0.14144054254182076 0.8585594574581792
0.99 1 1 1.0101010101010102 1.0101010101010102 0.08079313589591124 0.9192068641040888
