0.00001 0.00018078496355284745 69314 18.078496355376746 100000.0000005089 0.00018052328301819962 0.00000026168053464782973
0.000010232929922807536 0.00018466413354133765 67737 18.04606646719407 97723.722095468 0.0001843882781627621 0.0000002758553785755537
0.000010471285480508985 0.000188628589333521 66195 18.013890432610662 95499.25860262706 0.00018833538252786746 0.0000002932068056535266
0.00001071519305237607 0.00019267960908422564 64688 17.981907385355456 93325.43007960464 0.00019236632424566024 0.00000031328483856540835
0.000010964781961431852 0.0001968151230526339 63215 17.949752557461235 91201.08393632417 0.0001964828674046509 0.0000003322556479830037
0.00001122018454301963 0.00020103640803176 61776 17.91738872571355 89125.09381327056 0.00020068681278869577 0.0000003495952430642227
0.000011481536214968817 0.00020534528986357296 60370 17.884827083959497 87096.35899533803 0.00020497999862803572 0.0000003652912355372334
0.000011748975549395302 0.00020974364368667964 58996 17.85207934141231 85113.80382082137 0.00020936430136744123 0.0000003793423192384167
0.000012022644346174132 0.00021423339586108405 57653 17.819157723701842 83176.37711002055 0.00021384163644946094 0.00000039175941162310755
0.00001230268770812381 0.00021881652594772497 56341 17.786074973130734 81283.05161640217 0.00021841395911190268 0.000000402566835822299
0.000012589254117941661 0.000223495068805073 55058 17.75284434734558 79432.82347240145 0.00022308326520363662 0.0000004118036014363912
0.000012882495516931348 0.00022827111672654794 53805 17.719479616916285 77624.71166311821 0.00022785159201497632 0.00000041952471157162053
0.000013182567385564074 0.00023314682167945597 52580 17.6859950615352 75857.75750291355 0.00023272101912593662 0.00000042580255351935196
0.000013489628825916533 0.0002381243976016381 51383 17.652405464523024 74131.02412989197 0.00023769366927023662 0.000000430728331401477
0.000013803842646028839 0.00024320612279189724 50214 17.61872610604188 72443.59600731595 0.0002427717092178718 0.0000004344135740254524
0.000014125375446227555 0.0002483943423717073 49071 17.584972754764923 70794.57843870719 0.00024795735067493433 0.00000043699169677296644
0.00001445439770745928 0.0002536914708250617 47954 17.551161657549493 69183.09709218511 0.00025325285120111543 0.0000004386196239462934
0.000014791083881682072 0.00025909999460678934 46862 17.51730952772578 67608.29753898714 0.00025866051514598064 0.0000004394794608087024
0.000015135612484362071 0.00026462247482955984 45795 17.483433531564565 66069.34480083536 0.0002641826946034992 0.00000043978022606065313
0.000015488166189124828 0.0002702615500308983 44753 17.449551272323426 64565.42290358529 0.00026982179038672813 0.000000439759644170186
0.00001584893192461114 0.0002760199390024235 43734 17.41568077360988 63095.734447854375 0.00027558025302054374 0.00000043968598187978016
0.0000162181009735893 0.00028190044367629565 42739 17.38184045927957 61659.50018595578 0.000281460583755294 0.000000439859921001675
0.000016595869074375598 0.0002879059520984291 41766 17.348049132560703 60255.958607725355 0.0002874653356000715 0.0000004406164983576156
0.00001698243652461746 0.00029403944145384105 40815 17.31432595248752 58884.36553572205 0.00029359711437753033 0.00000044232707631071747
0.000017378008287493764 0.0003003039811309172 39886 17.280690408429898 57543.99373379069 0.0002998585797980008 0.00000044540133291640343
0.00001778279410038923 0.0003067027358661216 38978 17.247162292639565 56234.13251901379 0.0003062524465567568 0.0000004502893093648059
0.000018197008586099827 0.00031323896891599835 38091 17.21376167046314 54954.0873858494 0.00031278148545251964 0.00000045748346347870925
0.000018620871366628657 0.00031991604528435754 37224 17.18050884869164 53703.179637084904 0.00031944852452785985 0.00000046752075649769166
0.000019054607179632484 0.0003267374349735648 36377 17.147424341651757 52480.74602482907 0.00032625645023280224 0.000000480984740762534
0.000019498445997580456 0.0003337067162630595 35548 17.114528835013285 51286.13839921034 0.00033320820861117834 0.0000004985076518811788
0.000019952623149688786 0.00034082757903460106 34739 17.081843148037617 50118.723362769466 0.0003403068065112117 0.0000005207725233893901
0.000020417379446695274 0.0003481038280830286 33949 17.0493881936468 48977.88193693818 0.00034755531281924554 0.0000005485152637830387
0.00002089296130854041 0.00035553938644247994 33176 17.017184935693965 47863.00923216294 0.0003549568597187512 0.000000582526723728763
0.000021379620895022323 0.0003631371279103614 32421 16.98519958299108 46773.51412875576 0.0003625146439735429 0.000000622483936818497
0.00002187761623949552 0.0003708926867628849 31683 16.95306667339351 45708.81896151207 0.0003702319282378328 0.000000660758525052106
0.00002238721138568338 0.000378807816758935 30961 16.920723632458817 44668.35921505494 0.00037811204239013513 0.0000006957743687998697
0.00002290867652767775 0.00038688588944201565 30257 16.888181601169226 43651.58322399953 0.00038615838489559104 0.0000007275045464246138
0.00002344228815319923 0.00039513036825905497 29568 16.855452235562463 42657.95188010381 0.00039437442419438124 0.0000007559440646737279
0.0000239883291901949 0.00040354481224925715 28895 16.822547708521203 41686.93834708606 0.00040276370011712567 0.0000007811121321314794
0.000024547089156850286 0.00041213287986545415 28237 16.789480709133993 40738.027780300195 0.00041132982532975413 0.0000008030545357000244
0.000025118864315095822 0.0004208983329582514 27594 16.756264442471657 39810.717055355264 0.00042007648680475517 0.0000008218461534962532
0.000025703957827688645 0.00042984504090216034 26966 16.722912626336427 38904.5144995469 0.0004290074473238679 0.0000008375935782924267
0.000026302679918953814 0.0004389769849009487 26352 16.689439488770372 38018.939631963156 0.00043812654700898146 0.0000008504378919672547
0.00002691534803926914 0.0004482982623766038 25753 16.655859761629824 37153.522909793624 0.0004474377048826289 0.0000008605574939749092
0.00002754228703338169 0.00045781309159011635 25166 16.622188674265864 36307.80547697365 0.0004569449204617435 0.0000008681711283728714
0.00002818382931264455 0.00046752581637865656 24593 16.588441946329993 35481.3389233136 0.0004666522753796786 0.0000008735409989779597
0.000028840315031266056 0.00047744091100189326 24034 16.554635775802378 34673.68504526151 0.0004765639350424157 0.0000008769759594775368
0.00002951209226666384 0.0004875629852229165 23487 16.520786829275835 33884.41561395896 0.00048668415031685437 0.000000878834906062147
0.000030199517204020192 0.0004978967894353571 22952 16.486912226792626 33113.112148181775 0.0004970172592515181 0.0000008795301838389596
0.00003090295432513592 0.0005084472200409108 22429 16.453029528868573 32359.365692951815 0.0005075676888315977 0.000000879531209313153
0.000031622776601683795 0.0005192193248129837 21919 16.41915671580818 31622.776601626214 0.0005183399567690007 0.0000008793680439830561
0.00003235936569296281 0.0005302183085854081 21420 16.385312172528373 30902.95432506554 0.0005293386733264548 0.0000008796352589533676
0.000033113112148259076 0.0005414495388829714 20932 16.351514664613518 30199.517204035747 0.0005405685431781138 0.000000880995704857627
0.000033884415613920276 0.0005529185517598029 20456 16.317783315477108 29512.092266648753 0.000552034367306541 0.0000008841844532618418
0.00003467368504525317 0.0005646310577816764 19990 16.28413758283297 28840.315031217237 0.0005637410449364398 0.0000008900128452366202
0.000035481338923357534 0.0005765929479982176 19535 16.250597229240295 28183.829312616792 0.0005756935755064776 0.0000008993724917399871
0.000036307805477010174 0.0005888103001287222 19091 16.217182294348866 27542.287033368073 0.000587897060679903 0.0000009132394488191265
0.00003715352290971728 0.0006012893846837942 18656 16.183913061102718 26915.348039303084 0.0006003567063940315 0.0000009326782897627192
0.000038018939632056124 0.0006140366713800008 18231 16.150810025802148 26302.679918944297 0.0006130778249502999 0.0000009588464297009738
0.000038904514499428046 0.000627058835308765 17816 16.117893858271007 25703.95782771249 0.0006260658371438439 0.0000009929981649210587
0.000039810717055349695 0.0006403627634128403 17411 16.085185366598672 25118.864315082905 0.0006393262744367181 0.0000010364889761222285
0.0000407380277804113 0.0006539555608398769 17014 16.052705456570354 24547.089156874543 0.0006528647811708648 0.0000010907796690121097
0.00004168693834703355 0.0006678445573291552 16627 16.02047508907343 23988.329190167446 0.0006666871168270323 0.000001157440502122845
0.00004265795188015926 0.0006820358989153183 16249 15.988482073183341 23442.288153176047 0.0006807991583246656 0.0000012367405906526597
0.000043651583224016566 0.0006965208554044978 15879 15.956370971222562 22908.67652764834 0.0006952069023689769 0.0000013139530355209088
0.00004466835921509635 0.0007113011235764928 15517 15.924048612365304 22387.211385661256 0.000709916467842157 0.000001384655734335753
0.000045708818961487516 0.0007263828888049715 15164 15.891526084223866 21877.6162395128 0.0007249340982416019 0.0000014487905633695734
0.00004677351412871981 0.0007417725070367777 14819 15.858814990793418 21379.62089501805 0.0007402661641653412 0.0000015063428714365062
0.000047863009232263804 0.0007574765117550188 14482 15.825927452197375 20892.961308502934 0.0007559191658453068 0.0000015573459097120192
0.00004897788193684466 0.0007735016211947494 14152 15.792876102576821 20417.37944670778 0.0007718997357299346 0.0000016018854648148064
0.00005011872336272725 0.0007898547463433032 13830 15.759674096802213 19952.6231497157 0.0007882146411174041 0.0000016401052258990844
0.00005128613839913648 0.0008065429984111662 13515 15.72633509925344 19498.44599758876 0.0008048707868381497 0.0000016722115730164648
0.00005248074602497723 0.0008235736973728581 13207 15.692873286933567 19054.607179652197 0.0008218752179906836 0.000001698479382174537
0.000053703179637025325 0.000840954380248047 12907 15.65930333978401 18620.871366607495 0.0008392351227298598 0.0000017192575181871825
0.00005495408738576248 0.0008586928100232481 12613 15.625640436813477 18197.00858609778 0.0008569578351081352 0.0000017349749151129206
0.00005623413251903491 0.0008767969848237953 12326 15.591900248977076 17782.79410040454 0.0008750508379729769 0.0000017461468508184587
0.000057543993733715664 0.0008952751470736926 12045 15.558098925441982 17378.00828750287 0.0008935217659190642 0.0000017533811546284299
0.00005888436553555884 0.00091413579338132 11771 15.524253085972873 16982.43652461066 0.0009123784082971744 0.0000017573850841455779
0.000060255958607435806 0.0009333876843971485 11503 15.490379805879572 16595.86907436476 0.0009316287122816451 0.0000017589721155033622
0.00006165950018614822 0.0009530398550521513 11241 15.456496601096108 16218.100973594974 0.0009512807859962158 0.0000017590690559354978
0.00006309573444801929 0.0009731016250544657 10985 15.422621411205604 15848.931924599736 0.0009713429017006715 0.0000017587233537942138
0.00006456542290346563 0.0009935826095944882 10735 15.388772580026426 15488.166189127507 0.0009918234990365002 0.0000017591105579879435
0.00006606934480075965 0.0010144927304516554 10491 15.354968836313658 15135.61248435716 0.0010127311883379926 0.0000017615421136628513
0.00006760829753919819 0.0010358422271078843 10252 15.321229269348082 14791.083881688824 0.001034074754003227 0.0000017674731046571877
0.00006918309709189363 0.00105764166824359 10019 15.287573304765207 14454.397707451386 0.0010558631579327916 0.0000017785103107984153
0.00007079457843841373 0.001079901963195263 9791 15.254020675259353 14125.375446235012 0.0010781055430310305 0.0000017964201642324887
0.00007244359600749906 0.0011026343739152927 9568 15.220591393620907 13803.842646021294 0.0011008112367772425 0.0000018231371380502369
0.00007413102413009176 0.0011258505269631676 9350 15.18730572218412 13489.628825906279 0.001123989754862086 0.0000018607721010816501
0.00007585775750291836 0.0011495624254509978 9137 15.15418413741488 13182.567385559398 0.001147650804895877 0.000001911620555120801
0.00007762471166286911 0.0011737824611851508 8929 15.121247294085105 12882.49551694392 0.0011718042901853163 0.000001978170999834437
0.00007943282347242822 0.001198523427024481 8726 15.088515989111782 12589.254117936889 0.001196460313583913 0.000002063113440567985
0.00008128305161640995 0.0012237985291157663 8527 15.056011121377814 12302.687708128124 0.0012216291814134861 0.0000021693477022801614
0.00008317637711026709 0.0012496213991366784 8333 15.023753649179234 12022.644346166482 0.001247321407462677 0.000002299991674001474
0.0000851138038202376 0.0012760046578145295 8143 14.991747525570062 11748.975549389532 0.0012735477170584182 0.0000024569407561113223
0.00008709635899560814 0.001302931734553521 7958 14.959657895907041 11481.536214967782 0.0013003190512172868 0.0000026126833362343123
0.00008912509381337459 0.001330401993507894 7777 14.927355883550277 11220.184543012492 0.001327646570873523 0.000002755422634370978
0.00009120108393559096 0.0013584266950427042 7600 14.894852521736212 10964.78196143515 0.001355541661187466 0.0000028850338552382712
0.00009332543007969905 0.00138701741429008 7427 14.862159361129622 10715.193052378907 0.001384015935936328 0.000003001478353752097
0.00009549925860214369 0.001416186054421952 7258 14.829288469364007 10471.285480506242 0.001413081241986276 0.00000310481243567611
0.00009772372209558111 0.0014459448607231672 7093 14.796252432019571 10232.92992280456 0.0014427496638495475 0.0000031951968736197277
0.0001 0.001476306434208507 6931 14.76306434208885 10000.000000002561 0.0014730335283281598 0.000003272905880347208
0.00010232929922807536 0.0015072837492678196 6773 14.72973782327233 9772.372209564039 0.001503945409243623 0.0000033383400241965983
0.00010471285480508996 0.001538890165951143 6619 14.696286991849952 9549.925860216676 0.0015354981322563293 0.0000033920336948137144
0.0001071519305237607 0.0015711394498466944 6468 14.662726487205822 9332.543007965685 0.001567704779775196 0.0000034346700714983636
0.00010964781961431851 0.00160404578483211 6321 14.62907142589989 9120.108393558769 0.0016005786959591625 0.000003467088872947466
0.0001122018454301963 0.0016376237955029076 6177 14.595337440527 8912.50938134105 0.0016341334918132352 0.000003490303689672458
0.0001148153621496883 0.0016718885605839344 6037 14.561540627331956 8709.635899563844 0.0016683830503787787 0.0000035055102051556857
0.00011748975549395303 0.001706855634414389 5899 14.52769756169846 8511.380382022067 0.001703341532021419 0.0000035141023929700053
0.00012022644346174131 0.001742541064536689 5765 14.493825271398027 8317.63771102386 0.0017390233798172533 0.000003517684719435638
0.0001230268770812381 0.0017789614128198867 5634 14.459941234183217 8128.305161640532 0.0017754433250402775 0.0000035180877796091997
0.00012589254117941674 0.001816133774136692 5506 14.42606334832926 7943.282347241607 0.0018126163927515762 0.000003517381385115736
0.0001288249551693135 0.0018540757961711435 5380 14.392209907893458 7762.471166289342 0.001850557907491627 0.0000035178886795164503
0.00013182567385564074 0.0018928057052012691 5258 14.358399618531614 7585.775750292781 0.0018892834990803 0.0000035222061209691947
0.00013489628825916533 0.0019323423215451675 5138 14.324651526607212 7413.102413009682 0.0019288091085227289 0.0000035332130224386728
0.00013803842646028852 0.001972705086222753 5021 14.290985030824304 7244.359600749061 0.0019691509940256416 0.0000035540921971112874
0.00014125375446227554 0.002013914080749125 4907 14.257419835778725 7079.457843839756 0.0020103257371244486 0.0000035883436246765717
0.0001445439770745928 0.0020559900500846016 4795 14.223975925495333 6918.309709188541 0.002052350248924763 0.0000036398011598387167
0.00014791083881682073 0.0020989544272364893 4686 14.190673543782886 6760.829753920151 0.0020952417764575335 0.000003712650778955797
0.00015135612484362072 0.002142829354639032 4579 14.157533148081448 6606.934480074986 0.0021390179091532488 0.000003811445485783077
0.0001548816618912481 0.002187637707693655 4475 14.124575375681246 6456.542290346722 0.002183696585433805 0.000003941122259850174
0.00015848931924611142 0.002233403119993872 4373 14.091821017451064 6309.5734448019075 0.0022292960994266977 0.0000041070205671744214
0.00016218100973589298 0.0022801500054861847 4274 14.059290968775647 6165.950018616366 0.002275835107802256 0.000004314897683928547
0.00016595869074375596 0.00232790357975602 4176 14.02700617438532 6025.595860742413 0.0023233326367365303 0.000004570943019489935
0.00016982436524617443 0.002376688820574967 4081 13.994981327501867 5888.43655355614 0.002371808089001186 0.0000048807315737807964
0.00017378008287493763 0.0024264760740009385 3988 13.962912399732584 5754.399373371766 0.002421281251184344 0.000005194822816594405
0.00017782794100389227 0.002477255241829417 3898 13.930629955256002 5623.413251905538 0.0024717723010420005 0.000005482940787416516
0.00018197008586099826 0.0025290466298640113 3809 13.898144950024097 5495.4087385772755 0.0025233018149851 0.000005744814878911111
0.00018620871366628676 0.002581871130750917 3722 13.8654689134384 5370.317963703223 0.002575890775701738 0.000005980355049178907
0.00019054607179632481 0.002635750234013411 3637 13.832613861648712 5248.074602496015 0.0026295605799191327 0.000006189654094278501
0.00019498445997580456 0.0026907060556694783 3555 13.79959231624911 5128.613839914822 0.002684333046305845 0.0000063730093636331885
0.00019952623149688788 0.0027467613680859167 3474 13.766417315052374 5011.872336272705 0.0027402304235187276 0.000006530944567189039
0.00020417379446695296 0.0028039396353036978 3395 13.733102441597621 4897.788193685623 0.002797275398393982 0.000006664236909715779
0.0002089296130854041 0.0028622650279053396 3317 13.699661745583631 4786.300923226982 0.002855491104288109 0.0000067739236172307225
0.00021379620895022324 0.002921762473198138 3242 13.666109832088289 4677.351412871517 0.002914901129568344 0.000006861343629793824
0.00021877616239495518 0.002982457669507247 3168 13.632461767579231 4570.881896148268 0.0029755295262570893 0.000006928143250157625
0.000223872113856834 0.003044377132989181 3096 13.598733136257465 4466.835921509266 0.003037400818832005 0.0000069763141571760855
0.00022908676527677748 0.003107548224130077 3025 13.564939992823607 4365.158322400921 0.0031005400131837654 0.000007008210946311388
0.00023442288153199226 0.003171999185256437 2956 13.53109886085875 4265.795188016368 0.0031649726057358966 0.000007026579520540317
0.000239883291901949 0.0032377591723650144 2889 13.49722670009103 4168.693834702971 0.0032307245927269412 0.000007034579638073163
0.0002454708915685031 0.00330485831762248 2823 13.463340995364156 4073.8027780415423 0.0032978224796593697 0.000007035837963110213
0.0002511886431509582 0.0033733277234178427 2759 13.429459553192512 3981.0717055340933 0.0033662932909179198 0.000007034432499922975
0.0002570395782768865 0.003443199550994578 2696 13.395600685606441 3890.451449941983 0.0034361645795581448 0.000007034971436433411
0.00026302679918953814 0.003514507017422229 2635 13.361783013182007 3801.8939632058036 0.0035074644372710454 0.000007042580151183676
0.0002691534803926914 0.003587284472216193 2575 13.328025582216478 3715.352290971934 0.0035802215045240846 0.000007062967692108256
0.0002754228703338166 0.003661567418804423 2516 13.294347758293261 3630.780547701656 0.003654464980881944 0.000007102437922479245
0.0002818382931264455 0.003737392554268745 2459 13.26076919076273 3548.1338923353533 0.0037302246355111635 0.000007167918757581496
0.00028840315031266055 0.003814797837744361 2403 13.227309873726398 3467.368504525401 0.003807530817869493 0.000007267019874867848
0.0002951209226666384 0.0038938225108770996 2348 13.19399002854196 3388.4415613925757 0.0038864144685853736 0.000007408042291726091
0.0003019951720402016 0.003974507138915645 2295 13.160830062495526 3311.311214825535 0.00396690713052837 0.000007600008387275217
0.0003090295432513592 0.004056893690299369 2243 13.127850650185765 3235.93656929596 0.004049040960074248 0.000007852730225120855
0.00031622776601683794 0.004141025534651995 2192 13.095072538416812 3162.2776601683768 0.00413284873856873 0.000008176796083264777
0.0003235936569296281 0.00422694751854214 2142 13.06251661002774 3090.2954325141372 0.004218363883992196 0.000008583634549943348
0.0003311311214825911 0.004314706008728703 2093 13.0302038340869 3019.951720401491 0.004305620462827717 0.000009085545900986564
0.00033884415613920273 0.0044043486496016535 2045 12.99815437216043 2951.2092266664754 0.00439465320213648 0.00000969544746517309
0.0003467368504525317 0.004495826228187431 1999 12.966104474676875 2884.0315031269306 0.004485497501845609 0.000010328726341822178
0.0003548133892335753 0.004589099563263832 1953 12.933839878975064 2818.382931264262 0.004578189447246927 0.000010910116016905544
0.0003630780547701014 0.0046842048845627225 1909 12.901371545379217 2754.2287033381076 0.004672765821714561 0.000011439062848161811
0.0003715352290971728 0.004781179453646435 1865 12.86871090331079 2691.534803927153 0.004769264119642975 0.000011915334003459802
0.00038018939632056124 0.004880061630385104 1823 12.835869904879392 2630.2679918955173 0.0048677225596077504 0.000012339070777353696
0.0003890451449942805 0.004980890944172055 1781 12.802861077331885 2570.3957827689464 0.004968180097754206 0.000012710846417848982
0.00039810717055349735 0.005083708084718095 1741 12.769697359757007 2511.8864315092005 0.005070676441416597 0.000013031643301497295
0.00040738027780411304 0.005188555031313644 1701 12.736392294890525 2454.7089156855127 0.005175252062970465 0.000013302968343178838
0.0004168693834703355 0.0052954750875131885 1662 12.702959961775479 2398.832919019722 0.005281948213924384 0.00001352687358880441
0.00042657951880159257 0.005404512874153703 1625 12.669414812360527 2344.2288153202785 0.005390806939250299 0.000013705934903403966
0.0004365158322401661 0.00551571448283358 1588 12.635771890627693 2290.867652768048 0.005501871091960554 0.000013843390873026148
0.0004466835921509635 0.005629127505617709 1551 12.602046738523772 2238.721138568506 0.00561518434793194 0.000013943157685769592
0.0004570881896148752 0.005744801071695176 1516 12.568255321878778 2187.7616239495196 0.0057307912209823165 0.000014009850712859255
0.00046773514128719813 0.005862786036216209 1482 12.534414284294309 2137.962089502402 0.005848737078202294 0.000014048958013914738
0.00047863009232263805 0.005983134782796686 1448 12.500540352075173 2089.2961308540116 0.00596906815554669 0.000014066627249995946
0.0004897788193684461 0.006105901645252391 1415 12.466651075533036 2041.7379446697132 0.0060918315736882625 0.000014070071564128463
0.0005011872336272725 0.006231142729120763 1383 12.432764266607096 1995.2623149688957 0.0062170753541391675 0.000014067374981595673
0.0005128613839913648 0.006358916017028929 1351 12.398898056120501 1949.8445997583135 0.006344848435641966 0.00001406758138696243
0.0005248074602497723 0.006489281619825317 1320 12.365071214377952 1905.4607179632317 0.006475200690836105 0.000014080928989212461
0.0005370317963702527 0.0066223015770365415 1290 12.331302581703259 1862.087136663063 0.006608182943201722 0.000014118633834819296
0.0005495408738576248 0.006758040190331855 1261 12.297611536868605 1819.7008586101242 0.006743846984286531 0.00001419320604532405
0.0005623413251903491 0.006896564044835835 1232 12.264017840945018 1778.2794100387346 0.006882245591218129 0.000014318453617706041
0.0005754399373371566 0.007037941934222952 1204 12.23054132598404 1737.8008287495759 0.007023432544506544 0.000014509389716408673
0.0005888436553555889 0.007182245155499405 1177 12.197202245750743 1698.2436524617115 0.00716746264614201 0.000014782509357395314
0.0006025595860743581 0.00732954745675124 1150 12.164020996666446 1659.586907437536 0.007314391737988279 0.000015155718762960811
0.0006165950018614823 0.0074799252234652005 1124 12.13101825490472 1621.8100973588107 0.007464276720481026 0.000015648502984174327
0.000630957344480193 0.0076334574504687384 1098 12.098214748190692 1584.8931924612734 0.007617175571630161 0.000016281878838577367
0.0006456542290346556 0.0077902259209853015 1073 12.06563137150549 1548.8166189125666 0.007773147366334153 0.00001707855465114816
0.0006606934480075965 0.007950315264466016 1049 12.033289097147444 1513.561248436311 0.007932252296007218 0.000018062968458798512
0.0006760829753919819 0.00811381301700501 1025 12.001208893480237 1479.108388168175 0.008094551688526321 0.000019261328478688278
0.0006918309709189362 0.008280645547655683 1002 11.96917440203149 1445.4397707459002 0.008260108028499975 0.0000205375191557073
0.000707945784384138 0.008450695068934448 979 11.936924063027815 1412.537544622699 0.008428984977864843 0.00002171009106960442
0.0007244359600749906 0.008624025415018057 956 11.904468980426607 1380.3842646029216 0.00860124739681251 0.00002277801820554752
0.0007413102413009177 0.008800701756602181 935 11.871820010416062 1348.9628825917166 0.008776961365052068 0.000023740391550113038
0.0007585775750291835 0.008980791953846747 913 11.838989510732016 1318.2567385564496 0.008956194203412331 0.000024597750434415463
0.0007762471166286919 0.009164365446975388 893 11.805989678617962 1288.2495516931199 0.009139014495787003 0.000025350951188385373
0.0007943282347242822 0.009351493996535771 872 11.772833430480027 1258.925411794226 0.009325492111428788 0.000026001885106983688
0.0008128305161640995 0.009542251911170158 852 11.739534529537805 1230.2687708124229 0.009515698227595723 0.000026553683574435244
0.0008317637711026709 0.009736715247158953 833 11.706106451655913 1202.264434617373 0.009709705352553036 0.000027009894605916837
0.0008511380382023759 0.009934963381056055 814 11.67256418481715 1174.897554939593 0.009907587348936682 0.00002737603211937223
0.0008709635899560805 0.010137078007006027 795 11.63892282513995 1148.1536214968412 0.010109419457482394 0.000027658549523633044
0.0008912509381337459 0.010343142835569717 777 11.6051971369914 1122.018454302064 0.010315278321122386 0.00002786451444733093
0.0009120108393559096 0.010553245502780478 760 11.571403592345305 1096.4781961432218 0.010525242009457791 0.000028003493322686923
0.0009332543007969905 0.010767476233318798 742 11.537558652688544 1071.5193052376385 0.010739390043607062 0.000028086189711735987
0.0009549925860214359 0.010985928349037964 725 11.503679201120287 1047.1285480509857 0.01095780342143817 0.00002812492759979475
0.000977237220955811 0.011208698007564596 709 11.46978212373243 1023.2929922807832 0.011180564643186003 0.0000281333643785929
0.001 0.011435885969924973 693 11.435885969925067 1000.0000000000082 0.011407757737461138 0.000028128232463835168
0.0010232929922807546 0.011667595382138376 677 11.402008486477797 977.2372209558141 0.01163946828765313 0.000028127094485245335
0.0010471285480508996 0.01190393395732045 662 11.368168673729933 954.9925860214435 0.011875783458733156 0.00002815049858729407
0.001071519305237607 0.012145012416944271 647 11.334385071345842 933.2543007969698 0.01211679202445996 0.000028220392484311352
0.0010964781961431851 0.012390945680204171 632 11.300676770215796 912.0108393558537 0.01236258439499265 0.000028361285211520385
0.001122018454301963 0.01264185405000657 617 11.267064281818811 891.2509381337903 0.01261325264491588 0.000028601405090689785
0.0011481536214968829 0.012897860330498015 603 11.23356673620246 870.9635899560642 0.012868890541680654 0.000028969788817360606
0.001174897554939529 0.013159093160283682 590 11.200204736966484 851.1380382024008 0.013129593574463604 0.00002949958582007875
0.001202264434617413 0.01342568500391079 576 11.16699838848908 831.7637711026459 0.013395458983452273 0.000030226020458516342
0.0012302687708123812 0.013697773935288414 563 11.133968658120006 812.830516164127 0.013666585789555378 0.00003118814573303645
0.0012589254117941675 0.013975502639200275 550 11.10113634078037 794.3282347242728 0.013943074824548 0.00003242781465227426
0.0012882495516931337 0.014259018695462899 538 11.06852214830749 776.2471166286781 0.014225028761648814 0.00003398993381408498
0.0013182567385564075 0.014548475513324426 525 11.036147275268853 758.5775750291666 0.014512552146539548 0.000035923366784878716
0.0013489628825916532 0.014844031253863209 513 11.004032390679615 741.310241300912 0.014805751428825807 0.00003827982503740168
0.0013803842646028853 0.01514557940424463 502 10.972002356606382 724.4359600750182 0.01510473499394565 0.000040844410298980505
0.001412537544622754 0.01545282140133398 490 10.939759767914877 707.9457843841055 0.015409613195528131 0.000043208205805849234
0.001445439770745928 0.01576585974612686 479 10.907310055534463 691.83097091892 0.01572049838820525 0.000045361357921609724
0.0014791083881682072 0.016084809438829603 468 10.874665824017029 676.0829753919867 0.016037504960882465 0.00004730447794713821
0.0015135612484362087 0.01640978671727378 458 10.84183856730526 660.6934480076201 0.016360749370468903 0.00004903734680487826
0.0015488166189124811 0.01674091058654231 447 10.80883971809181 645.6542290346396 0.016690350176072153 0.00005056041047015597
0.001584893192461114 0.017078307153600873 437 10.775683329853024 630.9573444801891 0.017026428073659092 0.00005187907994178009
0.0016218100973589297 0.017422104660879224 427 10.742382655805468 616.5950018614653 0.017369105931188164 0.00005299872969105959
0.0016595869074375613 0.01777243641543726 417 10.708951930018374 602.5595860743384 0.017718508824213837 0.00005392759122342314
0.0016982436524617442 0.01812943775638408 408 10.675404398010942 588.8436553555953 0.01807476407196665 0.00005467368441742712
0.0017378008287493763 0.01849325420538772 399 10.641757041107963 575.439937337132 0.01843800127391275 0.00005525293147497223
0.0017782794100389228 0.0188640286960073 389 10.608022895341428 562.3413251903444 0.01880835234679247 0.000055676349214828225
0.0018197008586099844 0.019241915806097683 381 10.574219226777776 549.5408738576255 0.019185951562144123 0.00005596424395356084
0.0018620871366628676 0.019627071295939085 372 10.540361355544949 537.0317963702404 0.019570935584312086 0.00005613571162699921
0.0019054607179632482 0.020019663843842496 363 10.50646893694088 524.8074602497576 0.01996344350894173 0.00005622033490076603
0.0019498445997580456 0.020419856143028103 355 10.472555682418182 512.8613839913754 0.020363616901965257 0.00005623924106284636
0.0019952623149688807 0.02082782883167008 347 10.438641914607336 501.1872336272851 0.020771599839077098 0.00005622899259298195
0.0020417379446695297 0.021243763203808757 339 10.404745260904155 489.7788193684397 0.021187538945701554 0.00005622425810720283
0.0020892961308540386 0.02166784972594485 331 10.370884914761815 478.6300923226281 0.02161158343745418 0.000056266288490668115
0.0021379620895022326 0.02210027918078695 324 10.337077205112012 467.7351412872029 0.022043885161098106 0.00005639401968884211
0.002187761623949552 0.022541263954607947 316 10.303345532643135 457.08818961489055 0.022484598635994682 0.000056665318613265125
0.00223872113856834 0.02299100555437886 309 10.269704948192523 446.68359215095563 0.02293388109605051 0.00005712445832834964
0.0022908676527677724 0.023449730372385555 302 10.236178569309336 436.51583224016423 0.023391892532159182 0.00005783784022637267
0.0023442288153199225 0.023917665696711412 295 10.202786323760545 426.57951880159396 0.0238587957351411 0.000058869961570312546
0.00239883291901949 0.02439504642816676 289 10.169547964239813 416.86938347032424 0.024334756339176304 0.00006029008899045493
0.002454708915685031 0.024882114952237782 282 10.136482901596557 407.3802778041152 0.0248199428657337 0.0000621720865040809
0.0025118864315095794 0.025379134543694483 276 10.103615444286866 398.1071705535025 0.025314526767994512 0.00006460777569997078
0.0025703957827688645 0.02588636046941888 269 10.070962862199263 389.0451449942799 0.025818682475766762 0.00006767799365211755
0.0026302679918953813 0.026404070376363446 263 10.038547576795395 380.18939632056737 0.026332587440892338 0.00007148293547110801
0.0026915348039269166 0.02693255025363578 257 10.006391228655634 371.53522909717077 0.026856422183142468 0.0000761280704933108
0.002754228703338166 0.02747164430579755 251 9.974351175885129 363.0780547701022 0.027390370336599457 0.00008127396919809307
0.002818382931264455 0.0280206512038958 246 9.942102222186039 354.813389233572 0.027934618696522875 0.0000860325073729247
0.0028840315031266055 0.028579718598721875 240 9.9096416137403 346.7368504525259 0.02848935726669603 0.00009036133202584493
0.002951209226666387 0.029149065844998177 235 9.876990618494602 338.8441561392075 0.02905477930724893 0.00009428653774924689
0.003019951720402016 0.029728851087223493 229 9.844147800901291 331.13112148259205 0.02963108138295542 0.00009776970426807197
0.003090295432513592 0.030319306337775662 224 9.81113521341043 323.5936569296266 0.030218463411996487 0.00010084292577917583
0.0031622776601683794 0.030920636696057834 219 9.777963866212449 316.2277660168321 0.03081712871518869 0.00010350798086914553
0.003235936569296284 0.03153305591567083 214 9.744645866939102 309.0295432513521 0.031427284065668776 0.00010577185000205241
0.003311311214825911 0.03215678970302647 209 9.71119523862608 301.9951720402022 0.03204913973902999 0.00010764996399648119
0.0033884415613920273 0.032792076934980596 204 9.677628001206788 295.12092266663603 0.03268290956390377 0.00010916737107682928
0.0034673685045253167 0.03343916279585915 200 9.643959894143665 288.4031503126597 0.0333288109729763 0.00011035182288285372
0.0035481338923357567 0.03409826744433827 195 9.610197495081326 281.838293126445 0.033987065054437514 0.00011120238990075526
0.003630780547701014 0.034769702937765185 191 9.57637138377335 275.42287033381456 0.034657896603848076 0.00011180633391710826
0.003715352290971724 0.03545368657152513 186 9.542483133477589 269.15348039269065 0.035341534176418894 0.0001121523951062367
0.0038018939632056127 0.0361505317059392 182 9.508558643613 263.0267991895353 0.03603821013969187 0.0001123215662473323
0.003890451449942805 0.03686052936708739 178 9.47461492357884 257.039578276884 0.03674816072661071 0.00011236864047668021
0.003981071705534973 0.03758397586731013 174 9.440667902328016 251.1886431509589 0.03747162608897124 0.00011234977833889104
0.004073802778041126 0.03832118338779279 170 9.406735052161483 245.4708915684999 0.03820885035123816 0.0001123330365546335
0.004168693834703355 0.03907248119379838 166 9.372835411545456 239.88329190195174 0.03896008166471516 0.00011239952908322082
0.004265795188015926 0.03983821691676151 162 9.338989604723727 234.42288153199058 0.039725572262055336 0.00011264465470617324
0.004365158322401661 0.040618757905864576 158 9.305219858215004 229.08676527677642 0.040505578512094555 0.00011317939377002151
0.0044668359215096305 0.04141441734271331 155 9.271533154662306 223.8721138568328 0.04130036097499526 0.00011405636771805172
0.004570881896148752 0.042225641735021045 151 9.237963853452234 218.77616239495688 0.04211018445768099 0.00011545727734005307
0.004677351412871981 0.043052789722318505 148 9.20452322736288 213.7962089502244 0.042935318069544884 0.00011747165277362082
0.004786300923226385 0.043896324287875044 144 9.171242049337096 208.92961308540265 0.043776035278413394 0.00012028900946164933
0.004897788193684461 0.04475659286307141 141 9.13812339226577 204.1737944669515 0.04463261396674412 0.00012397889632729392
0.005011872336272725 0.0456341154168775 138 9.105203076823575 199.5262314968873 0.04550533648803848 0.0001287789288390226
0.005128613839913648 0.04652934653838349 135 9.072499507813724 194.98445997580345 0.04639448972344391 0.0001348568149395768
0.005248074602497728 0.047442762381332174 132 9.040032006929229 190.54607179632336 0.04730036513852489 0.00014239724280728366
0.005370317963702527 0.0483748617204226 129 9.007820774744289 186.2087136662847 0.048223258840175455 0.0001516028802471467
0.005495408738576248 0.04932536601887352 126 8.97574108957962 181.97008586099903 0.04916347163364813 0.00016189438522539595
0.005623413251903491 0.050292731404876036 123 8.943452873190912 177.8279410038926 0.05012130907967134 0.00017142232520469397
0.005754399373371573 0.051277206079342205 120 8.91095712206342 173.78008287493913 0.05109708155162508 0.00018012452771712373
0.00588843655355589 0.05227913145468853 117 8.878270314913863 169.8243652461758 0.05209110429274614 0.00018802716194239039
0.0060255958607435805 0.053298722597288795 115 8.845386220560709 165.95869074375634 0.05310369747332785 0.00019502512396094712
0.006165950018614822 0.05433634572724467 112 8.812323415403053 162.18100973589185 0.054135186247882605 0.0002011594793620633
0.006309573444801936 0.05539251426921234 110 8.779121877857943 158.48931924611082 0.0551859008122305 0.00020661345698183564
0.006456542290346556 0.05646722791684729 107 8.74573810215325 154.88166189124922 0.05625617646047617 0.00021105145637111827
0.006606934480075957 0.057561272518920556 105 8.71225114953143 151.356124843621 0.057346353641836004 0.00021491887708455226
0.006760829753919818 0.058674660427356154 102 8.678618241102413 147.91083881682152 0.058456778017271484 0.00021788241008467019
0.006918309709189363 0.05980803727406774 100 8.644891568619247 144.54397707459293 0.059587800515889564 0.00022023675817817862
0.00707945784384138 0.060961844028064996 98 8.611089347907855 141.25375446227594 0.06073977739106019 0.000222066637004803
0.007244359600749898 0.0621362759364094 95 8.577193756364261 138.0384264602888 0.061913070276207516 0.00022320566020188337
0.007413102413009177 0.06333191257828312 93 8.543239935164308 134.89628825916486 0.06310804624022168 0.00022386633806144307
0.007585775750291836 0.06454927058779773 91 8.509251092126497 131.82567385564028 0.06432507784244085 0.00022419274535688538
0.00776247116628692 0.0657888184369609 89 8.475241585783605 128.82495516931368 0.06556454318714915 0.00022427524981175062
0.007943282347242814 0.06705105177980583 87 8.441227297312395 125.89254117941653 0.0668268259775317 0.00022422580227413058
0.008128305161640995 0.06833649570304202 85 8.407225657020737 123.02687708123855 0.06811231556902883 0.0002241801340131938
0.008317637711026709 0.06964570710506345 83 8.373255667619954 120.22644346174201 0.06942140702202598 0.00022430008303746252
0.008511380382023767 0.07097927720750262 81 8.339337924246967 117.48975549395263 0.07075450115381458 0.0002247760536880361
0.008709635899560805 0.07233783420445473 79 8.305494631308644 114.8153621496892 0.072112004589754 0.0002258296147007316
0.008912509381337459 0.07372204605587943 77 8.271749616359596 112.2018454301963 0.07349432981356771 0.00022771624231171517
0.009120108393559097 0.0751323268400514 76 8.238095820561952 109.64781961431817 0.07490189521669174 0.00023043162335965872
0.009332543007969915 0.07656947542851149 74 8.204567111356667 107.15193052376073 0.07633512514660602 0.00023435028190546547
0.009549925860214359 0.0780344185469075 72 8.171206739101986 104.7128548050905 0.0777944499540608 0.00023996859284669547
0.009772372209558112 0.07952782181355984 71 8.138026275316872 102.32929922807595 0.07928030603911729 0.00024751577444255546
0.01 0.08105006788189469 69 8.105006788189455 99.99999999999983 0.08079313589591118 0.0002569319859835051
0.010232929922807547 0.08260264269385494 67 8.072237698974828 97.72372209558068 0.08233338815604949 0.0002692545378054495
0.010471285480508996 0.08418570356880303 66 8.039672275720498 95.4992586021433 0.08390151763054228 0.0002841859382607531
0.01071519305237607 0.08580072184430351 64 8.007389267268199 93.3254300796984 0.08549798535016978 0.0003027364941337318
0.01096478196143185 0.0874464406609906 63 7.975210174591717 91.20108393559141 0.08712325860417885 0.00032318205681174106
0.01122018454301964 0.08912048786492882 61 7.942871841655498 89.12509381337465 0.08877781097720235 0.00034267688772647575
0.01148153621496883 0.09082162447556932 60 7.910232809888486 87.09635899560801 0.09046212238428199 0.00035950209128733646
0.011748975549395304 0.09255219774798291 59 7.8774696022536155 85.11380382023718 0.09217667910388314 0.00037551864409977875
0.012022644346174132 0.09431136380502364 57 7.8444775616302245 83.17637711026693 0.09392197380877029 0.0003893899962533476
0.012302687708123811 0.0960998517591274 56 7.8112892108664855 81.28305161640984 0.09569850559462016 0.00040134616450723803
0.012589254117941675 0.09791903178131632 55 7.777985166076391 79.43282347242825 0.09750678000623351 0.00041225177508280586
0.012882495516931335 0.09976905768455653 53 7.744544335639874 77.62471166286929 0.09934730906120762 0.0004217486233489137
0.013182567385564075 0.10164922853986624 52 7.710882528935887 75.85775750291822 0.10122061127092333 0.00042861726894291574
0.013489628825916533 0.1035615982998703 51 7.677127342518547 74.13102413009169 0.10312721165869278 0.0004343866411775227
0.013803842646028852 0.10550671245276776 50 7.643285653007684 72.44359600749912 0.10506764177491251 0.0004390706778552439
0.01412537544622754 0.1074851472046039 49 7.609365684740812 70.79457843841405 0.10704243970905206 0.00044270749555185007
0.01445439770745928 0.10949751266855992 48 7.575377050269832 69.18309709189361 0.10905215009831132 0.00044536257024860304
0.014791083881682071 0.11154445627396997 47 7.541330788618653 67.60829753919828 0.11109732413276234 0.0004471321412076318
0.015135612484362087 0.11362613881150838 45 7.507204543516501 66.06934480075944 0.11317851955679423 0.0004476192547141489
0.01548816618912481 0.11574385351353268 44 7.473050850577981 64.56542290346535 0.11529630066666138 0.00044755284687129915
0.01584893192461114 0.11789858061778324 43 7.438897534458058 63.0957344480194 0.11745123830393842 0.0004473423138448285
0.0162181009735893 0.12009118428115502 42 7.404762399538624 61.65950018614811 0.11964390984466625 0.0004472744364887732
0.016595869074375613 0.12232258881112652 41 7.370664848157617 60.255958607435694 0.12187489918397296 0.0004476896271535663
0.016982436524617443 0.12459378369432637 40 7.336625902515082 58.88436553555898 0.1241447967159406 0.0004489869783857736
0.017378008287493762 0.1269052569151307 40 7.302635308699841 57.543993733715546 0.12645419930848026 0.00045105760665042904
0.01778279410038923 0.12925791896760408 39 7.268706944358938 56.234132519035015 0.12880371027296614 0.000454208694637942
0.018197008586099843 0.1316533431734683 38 7.234889325382554 54.95408738576248 0.13119393932837625 0.000459403845092049
0.018620871366628676 0.13409278970681068 37 7.201209173654689 53.70317963702514 0.13362550255966404 0.0004672871471466389
0.019054607179632484 0.1365776096466988 36 7.167694844566881 52.48074602497724 0.13609902237008972 0.0004785872766090715
0.019498445997580455 0.1391092515514267 35 7.134376327666763 51.28613839913649 0.13861512742721516 0.0004941241242115424
0.01995262314968881 0.14168926841313895 34 7.101285247065316 50.11872336272722 0.1411744526022632 0.0005148158108757572
0.020417379446695295 0.14431739356238454 34 7.068360263331601 48.97788193684456 0.14377763890252454 0.0005397546598600034
0.02089296130854041 0.1469947520857805 33 7.035611176176025 47.86300923226369 0.14642533339648767 0.0005694186892928332
0.021379620895022326 0.14972506470444344 32 7.003167429376769 46.77351412871979 0.14911818913134656 0.0006068755730968822
0.02187761623949552 0.15250685021042157 31 6.970908006654868 45.70881896148761 0.15185686504253662 0.0006499851678849478
0.0223872113856834 0.15533037537768687 31 6.93835300438625 44.66835921509619 0.15464202585492481 0.0006883495227620606
0.022908676527677724 0.15819365254578666 30 6.905403389613575 43.65158322401662 0.1574743419752709 0.0007193105705157465
0.023442288153199226 0.16110544091339557 29 6.872428146115457 42.65795188015918 0.16035448937556354 0.0007509515378320286
0.023988329190194897 0.16406538032530638 29 6.839383394503653 41.68693834703352 0.16328314946680636 0.000782230858500016
0.02454708915685031 0.16706212029409737 28 6.8057812975953444 40.73802778041125 0.16626100896283064 0.0008011113312667295
0.025118864315095794 0.1701117974673952 27 6.772272636751419 39.81071705534967 0.16928875973367302 0.000823037733722165
0.025703957827688646 0.17321000606760986 27 6.738651192503346 38.90451449942803 0.1723670986480577 0.0008429074195521746
0.026302679918953815 0.17634943341515844 26 6.704618463158203 38.01893963205609 0.17549672740448566 0.0008527060106727768
0.026915348039269166 0.17954783518435619 25 6.670834607912102 37.15352290971718 0.17867835235042845 0.0008694828339277372
0.02754228703338166 0.18278628684226986 25 6.636568946534107 36.30780547701011 0.18191268428909096 0.0008736025531788927
0.02818382931264455 0.18608117384132028 24 6.602409196320102 35.48133892335756 0.1852004382731955 0.0008807355681247908
0.028840315031266057 0.18942849954560423 24 6.568184131839171 34.67368504525321 0.18854233338520804 0.0008861661603961901
0.02951209226666387 0.19282432457292828 23 6.5337395543025565 33.88441561392025 0.19193909250341168 0.0008852320695166005
0.03019951720402016 0.19628316901615672 23 6.499546588447695 33.113112148259106 0.19539144205320086 0.0008917269629558633
0.03090295432513592 0.19978528951366953 22 6.464925243447281 32.35936569296281 0.19890011174295003 0.000885177770719503
0.03162277660168379 0.20335857011749567 22 6.43076263286342 31.622776601683817 0.20246583428377696 0.0008927358337187108
0.03235936569296284 0.2069734282308939 21 6.396090399136106 30.902954325135894 0.2060893450924998 0.0008840831383941095
0.03311311214825911 0.21066440619327173 21 6.361963359108413 30.199517204020218 0.20977138197705064 0.0008930242162210889
0.03388441561392028 0.2143997325058233 20 6.327384687659903 29.512092266663835 0.21351268480358496 0.0008870477022383527
0.034673685045253165 0.2182120906175987 20 6.293305437042732 28.8403150312661 0.21731399514448504 0.000898095473113647
0.035481338923357565 0.22207713440888502 19 6.25898405042123 28.183829312644516 0.22117605590643463 0.0009010785024503865
0.03630780547701014 0.22601505978004646 19 6.224971650328953 27.542287033381655 0.22509961093769107 0.000915448842355393
0.037153522909717275 0.2300208500838485 18 6.1910912362953265 26.915348039269112 0.22908540461366203 0.0009354454701864801
0.038018939632056124 0.2340891189088256 18 6.15717116716876 26.302679918953817 0.2331341813998403 0.0009549375089853152
0.03890451449942805 0.23824876318774907 17 6.123936161476883 25.703957827688654 0.23724668539112154 0.0010020777966275318
0.039810717055349734 0.24245282337956386 17 6.090139573283146 25.118864315095777 0.24142365982648195 0.0010291635530819132
0.04073802778041126 0.2467560922863362 17 6.057143797348676 24.547089156850305 0.2456658465779487 0.0010902457083874773
0.04168693834703355 0.2511279009034951 16 6.024138755715691 23.988329190194925 0.2499739856127592 0.0011539152907359407
0.04265795188015926 0.2555776993429059 16 5.991326073528104 23.44228815319918 0.25434881442754176 0.001228884915364159
0.04365158322401661 0.2601337840334075 16 5.959320712342106 22.908676527677716 0.2587910674533176 0.0013427165800898866
0.0446683592150963 0.26468414148133057 15 5.925539825780682 22.387211385683408 0.26330147543005766 0.0013826660512729072
0.04570881896148752 0.26932943252429714 15 5.892285966767681 21.877616239495538 0.26788076474948375 0.0014486677748133947
0.046773514128719815 0.27407471970947916 14 5.85961360429817 21.379620895022335 0.2725296567647344 0.0015450629447447684
0.04786300923226385 0.2788033538888715 14 5.825027685491488 20.892961308540396 0.2772488670654717 0.0015544868233998144
0.04897788193684462 0.28364232089200714 14 5.791232892793416 20.41737944669529 0.28203910471692306 0.0016032161750840768
0.05011872336272725 0.28858812419590385 13 5.758090087556453 19.952623149688783 0.28690107146130517 0.0016870527345986819
0.05128613839913648 0.29350487005370984 13 5.722888858769122 19.498445997580426 0.29183546087999046 0.0016694091737193828
0.052480746024977286 0.2985352743683488 13 5.688472382352685 19.054607179632455 0.2968429575147193 0.0016923168536295274
0.05370317963702527 0.3036819272037289 13 5.654822102830525 18.620871366628663 0.3019242359460713 0.0017576912576575676
0.05495408738576248 0.3088192609272406 12 5.619586742646003 18.197008586099837 0.3070799598273411 0.001739301099899504
0.05623413251903491 0.3140388638583011 12 5.584488455512339 17.78279410038925 0.3123107808718686 0.001728082986432511
0.05754399373371572 0.3193783243650729 12 5.550159167662102 17.378008287493742 0.3176173377917965 0.0017609865732763907
0.0588843655355589 0.32479381060677137 11 5.515790272218118 16.982436524617455 0.3230002551861235 0.0017935554206478521
0.06025595860743581 0.33020087144236976 11 5.479970430702296 16.595869074375596 0.32846014237583804 0.001740729066531721
0.06165950018614822 0.33573191132096114 11 5.444934037859481 16.218100973589312 0.33399759218379615 0.0017343191371649858
0.06309573444801936 0.34138972414157165 11 5.410662497681535 15.848931924611112 0.33961317965692356 0.0017765444846480904
0.06456542290346556 0.34709365813479154 10 5.375844260382923 15.488166189124808 0.3453074607281804 0.001786197406611123
0.06606934480075964 0.35281638394589926 10 5.340092065539036 15.135612484362074 0.35108097081563605 0.001735413130263208
0.06760829753919818 0.35867101250469724 10 5.305133031884817 14.791083881682075 0.3569342233558494 0.0017367891488478393
0.06918309709189363 0.3646605631939878 10 5.270948808631989 14.454397707459282 0.36286770826864007 0.0017928549253477533
0.0707945784384138 0.3707404908389116 9 5.236848626218306 14.125375446227535 0.36888189035017843 0.001858600488733153
0.07244359600749899 0.3767951720151117 9 5.201221264279981 13.803842646028865 0.37497720759118536 0.0018179644239263437
0.07413102413009177 0.38299151713663004 9 5.166413409647792 13.489628825916537 0.38115406941687735 0.001837447719752694
0.07585775750291836 0.38933287732001925 9 5.132406890686706 13.182567385564077 0.38741285484511706 0.0019200224749021944
0.07762471166286919 0.39582268570847895 9 5.099183974139201 12.882495516931336 0.39375391055907516 0.00206877514940379
0.07943282347242814 0.4023330170075646 8 5.065072591146378 12.58925411794167 0.40017754889050533 0.002155468117059245
0.08128305161640995 0.4088978468616457 8 5.030542514463064 12.302687708123818 0.4066840457095606 0.002213801152085082
0.08317637711026708 0.4156206378088171 8 4.996859111305465 12.022644346174141 0.413273638216857 0.0023469995919601083
0.08511380382023767 0.422505311604042 8 4.964004575525526 11.748975549395286 0.41994652263328824 0.0025587889707537337
0.08709635899560805 0.4295558928086281 8 4.931961539635531 11.481536214968827 0.42670285178285566 0.0028530410257724403
0.08912509381337459 0.43659179860967334 7 4.898640550369393 11.220184543019624 0.43354273256354503 0.0030490660461283126
0.09120108393559097 0.44344828388143087 7 4.86231374393102 10.964781961431843 0.44046622330101104 0.002982060580419832
0.09332543007969915 0.4504647850322289 7 4.826817134917413 10.715193052376057 0.44747333097957553 0.002991454052653386
0.09549925860214359 0.4576450132871781 7 4.792131582861376 10.471285480509 0.4545640083447364 0.0030810049424416786
0.09772372209558111 0.46499276303270837 7 4.758238358726357 10.23292992280754 0.46173815087109704 0.0032546121616113255
0.1 0.4725119133852184 7 4.725119133852186 10.000000000000004 0.4689955935892812 0.003516319795937195
0.10232929922807536 0.4799439596399061 6 4.690191013330301 9.772372209558117 0.47633610776506863 0.0036078518748374755
0.10471285480509006 0.4871790702244001 6 4.652524001291183 9.549925860214353 0.4837593974236053 0.003419672800794804
0.10715193052376071 0.4945793563673845 6 4.61568311415269 9.332543007969905 0.49126509571115307 0.003314260656231416
0.1096478196143185 0.5021484768326366 6 4.579648538374246 9.1201083935591 0.49885276108643817 0.0032957157461984687
0.1122018454301963 0.5098901645482915 6 4.544400874988348 8.912509381337458 0.5065218733331888 0.0033682912151027367
0.1148153621496884 0.5178082276666367 6 4.509921128773293 8.709635899560803 0.514271829384999 0.003536398281637654
0.11748975549395303 0.5259065506082606 6 4.476190697624935 8.51138038202376 0.52210193895314 0.003804611655120582
0.12022644346174131 0.5337806964971389 5 4.439794450602705 8.31763771102671 0.5300114199474033 0.0037692765497355785
0.1230268770812381 0.5414893949805667 5 4.401391044194398 8.128305161640991 0.5379993936794744 0.003490001301092338
0.12589254117941662 0.5493746904137313 5 4.363838280385381 7.94328234724282 0.5460648798377262 0.003309810576005101
0.1288249551693135 0.5574405720586955 5 4.3271163675241056 7.762471166286913 0.55420679122166 0.003233780837035516
0.13182567385564073 0.5656911178219359 5 4.2912059637291255 7.585775750291839 0.5624239282234983 0.0032671895984376365
0.13489628825916533 0.5741304962806626 5 4.256088167360337 7.413102413009178 0.5707149730437042 0.0034155232369583732
0.13803842646028838 0.5827629687715181 5 4.221744507781465 7.244359600749906 0.5790784836263463 0.003684485145171834
0.14125375446227553 0.5915928915456168 5 4.188156936413417 7.079457843841376 0.5875128872993923 0.004080004246224456
0.1445439770745928 0.6002956611247068 4 4.153031300743306 6.918309709189362 0.5960164741040425 0.004279187020664321
0.1479108388168207 0.6086335612981142 4 4.1148678904584735 6.760829753919821 0.6045873897962274 0.004046171501886797
0.1513561248436207 0.6171746336662938 4 4.077632367398088 6.606934480075965 0.6132236285022796 0.003951005164014143
0.15488166189124827 0.6259240707105059 4 4.041305233088245 6.456542290346549 0.6219230250096333 0.004001045700872674
0.15848931924611143 0.634887210058259 4 4.005867481027975 6.309573444801929 0.6306832466721253 0.004203963386133713
0.16218100973589297 0.6440695391578228 4 3.9713005869594182 6.165950018614823 0.6395017849081178 0.004567754249705014
0.16595869074375597 0.65347670012971 4 3.9375864993939538 6.025595860743579 0.6483759462681561 0.005100753861553953
0.1698243652461746 0.6631144948024356 4 3.904707630387404 5.888436553555883 0.6573028430473008 0.005811651755134761
0.17378008287493762 0.6729888899400874 4 3.8726468465572657 5.754399373371567 0.666279383415517 0.006709506524570474
0.1778279410038923 0.6831060226694929 4 3.841387460334712 5.623413251903489 0.6753022610376387 0.007803761631854256
0.18197008586099825 0.6928357069765927 3 3.8074153985168193 5.495408738576247 0.684367944152358 0.00846776282423467
0.18620871366628694 0.7010828797753017 3 3.7650379833015997 5.370317963702524 0.6934726640774906 0.0076102156978110624
0.19054607179632482 0.7095150411116481 3 3.72358786734817 5.248074602497725 0.7026124031063277 0.006902638005320427
0.19498445997580455 0.718136072614713 3 3.6830426009530486 5.128613839913647 0.7117828817572701 0.006353190857442903
0.1995262314968879 0.7269499185015722 3 3.643380186393742 5.0118723362727255 0.7209795453360339 0.005970373165538279
0.20417379446695316 0.7359605850562233 3 3.604579064505476 4.897788193684456 0.7301975497665983 0.005763035289624963
0.2089296130854041 0.7451721399426027 3 3.566618101369855 4.786300923226378 0.7394317466436044 0.005740393298998225
0.21379620895022325 0.7545887113348692 3 3.529476575099398 4.677351412871982 0.7486766674551661 0.005912043879703011
0.21877616239495518 0.7642144868465286 3 3.4931341627014074 4.570881896148753 0.7579265069208874 0.006287979925641229
0.22387211385683423 0.7740537122382734 3 3.457570927003794 4.466835921509626 0.7671751053853604 0.006878606852912972
0.22908676527677746 0.7841106898825216 3 3.422767303624795 4.365158322401658 0.7764159302023949 0.007694759680126784
0.23442288153199228 0.7943897769605922 3 3.388704087967538 4.265795188015924 0.7856420560397388 0.008747720920853408
0.239883291901949 0.8048953833661502 3 3.3553624222196627 4.168693834703354 0.7948461440279222 0.010049239338227989
0.24547089156850285 0.8154243880334169 2 3.321878137253022 4.07380277804113 0.8040204196701636 0.011403968363253303
0.25118864315095824 0.8230056067608992 2 3.2764443345724548 3.9810717055349687 0.8131566494227873 0.009848957338111863
0.25703957827688645 0.8307760713932285 2 3.232093971529574 3.8904514499428062 0.822246115847334 0.00852995554589453
0.26302679918953814 0.8387409204744293 2 3.1888040422452524 3.8018939632056137 0.8312795912263513 0.007461329248077964
0.2691534803926914 0.846905458209233 2 3.146552134394135 3.7153522909717283 0.8402473095245736 0.006658148684659415
0.2754228703338169 0.8552751615407428 2 3.105316419453968 3.6307805477010104 0.8491389365657871 0.006136224974955695
0.2818382931264455 0.8638556876472706 2 3.065075643428289 3.5481338923357533 0.8579435382828652 0.005912149364405428
0.28840315031266056 0.8726528818909067 2 3.025809118051782 3.4673685045253175 0.8666495468841369 0.006003335006769861
0.2951209226666384 0.8816727862534225 2 2.9874967124894054 3.3884415613920265 0.8752447247631348 0.00642806149028774
0.30199517204020193 0.8909216482985345 2 2.9501188455421206 3.311311214825908 0.8837161259606677 0.007205522337866754
0.30902954325135923 0.9004059307033181 2 2.91365647837412 3.235936569296281 0.892050054967719 0.008355875735599039
0.31622776601683794 0.9101323214057707 2 2.8780911077786557 3.162277660168379 0.9002320226345674 0.009900298771203353
0.3235936569296281 0.9201077444201824 2 2.8434047600020733 3.0902954325135923 0.9082466989253224 0.01186104549486
0.33113112148259144 0.9303393713772032 2 2.8095799851483125 3.0199517204020134 0.9160778622273157 0.014261509149887552
0.33884415613920277 0.9408346338512982 2 2.776599852189239 2.951209226666383 0.9237083448908591 0.017126288960439107
0.34673685045253166 0.9516012365448003 2 2.744447944609437 2.8840315031266055 0.9311199746361423 0.020481261908658066
0.3548133892335753 0.9626471714050343 2 2.713108356717957 2.818382931264455 0.9382935114196229 0.02435365998541139
0.36307805477010174 0.9739807327591579 2 2.6825656906636093 2.754228703338163 0.9452085793012415 0.028772153457916394
0.3715352290971728 0.9856105335605271 2 2.6528050541951345 2.6915348039269142 0.9518435927949507 0.0337669407655764
0.38018939632056126 0.9975455228507099 2 2.6238120592127654 2.6302679918953817 0.9581756771170155 0.0393698457336944
0.3890451449942805 1 1 2.5703957827688644 2.5703957827688644 0.9641805816675426 0.03581941833245739
0.39810717055349776 1 1 2.511886431509577 2.511886431509577 0.9698325859887571 0.0301674140112429
0.407380277804113 1 1 2.454708915685029 2.454708915685029 0.9751043973360042 0.02489560266399582
0.41686938347033553 1 1 2.39883291901949 2.39883291901949 0.9799670388713173 0.02003296112868269
0.42657951880159256 1 1 2.3442288153199224 2.3442288153199224 0.9843897273407215 0.015610272659278501
0.43651583224016566 1 1 2.2908676527677745 2.2908676527677745 0.9883397389205691 0.011660261079430856
0.4466835921509635 1 1 2.2387211385683377 2.2387211385683377 0.9917822617091338 0.00821773829086625
0.4570881896148752 1 1 2.1877616239495516 2.1877616239495516 0.9946802330900504 0.005319766909949619
0.4677351412871981 1 1 2.1379620895022327 2.1379620895022327 0.9969941598945915 0.003005840105408497
0.47863009232263803 1 1 2.089296130854041 2.089296130854041 0.9986819189283407 0.001318081071659316
0.48977881936844664 1 1 2.0417379446695274 2.0417379446695274 0.9996985349894227 0.00030146501057726205
0.5011872336272725 1 1 1.9952623149688788 1.9952623149688788 0.9999959329705155 0.000004067029484522422
0.5128613839913648 1 1 1.9498445997580454 1.9498445997580454 0.9995226599801565 0.000477340019843453
0.5248074602497723 1 1 1.9054607179632481 1.9054607179632481 0.9982235726072829 0.001776427392717106
0.5370317963702532 1 1 1.8620871366628657 1.8620871366628657 0.9960394834429902 0.003960516557009797
0.5495408738576248 1 1 1.8197008586099825 1.8197008586099825 0.9929067597072663 0.007093240292733727
0.5623413251903491 1 1 1.7782794100389228 1.7782794100389228 0.9887568652282038 0.01124313477179617
0.5754399373371566 1 1 1.7378008287493765 1.7378008287493765 0.9835158349815492 0.016484165018450847
0.5888436553555896 1 1 1.6982436524617426 1.6982436524617426 0.977103668774784 0.02289633122521595
0.6025595860743581 1 1 1.6595869074375595 1.6595869074375595 0.969433627251636 0.030566372748364046
0.6165950018614822 1 1 1.62181009735893 1.62181009735893 0.9604114089179148 0.039588591082085234
0.630957344480193 1 1 1.584893192461114 1.584893192461114 0.9499341809458601 0.05006581905413987
0.6456542290346563 1 1 1.5488166189124795 1.5488166189124795 0.9378894285200661 0.06211057147993393
0.6606934480075964 1 1 1.513561248436207 1.513561248436207 0.9241535765880207 0.07584642341197934
0.6760829753919819 1 1 1.479108388168207 1.479108388168207 0.9085903227913459 0.09140967720865412
0.6918309709189363 1 1 1.4454397707459279 1.4454397707459279 0.8910485991239638 0.10895140087603616
0.7079457843841388 1 1 1.4125375446227526 1.4125375446227526 0.8713600494381251 0.12863995056187494
0.7244359600749906 1 1 1.3803842646028839 1.3803842646028839 0.8493358654196246 0.15066413458037542
0.7413102413009177 1 1 1.3489628825916533 1.3489628825916533 0.8247627570683989 0.17523724293160114
0.7585775750291835 1 1 1.3182567385564075 1.3182567385564075 0.7973977314939541 0.2026022685060459
0.7762471166286912 1 1 1.288249551693135 1.288249551693135 0.7669611922289356 0.23303880777106445
0.7943282347242822 1 1 1.2589254117941662 1.2589254117941662 0.7331276070577988 0.2668723929422012
0.8128305161640995 1 1 1.2302687708123812 1.2302687708123812 0.6955125432202618 0.3044874567797382
0.8317637711026709 1 1 1.2022644346174132 1.2022644346174132 0.6536540694438686 0.3463459305561314
0.8511380382023759 1 1 1.1748975549395304 1.1748975549395304 0.606985021037848 0.393014978962152
0.8709635899560815 1 1 1.1481536214968817 1.1481536214968817 0.5547896014667887 0.4452103985332113
0.8912509381337459 1 1 1.122018454301963 1.122018454301963 0.49613118256436134 0.5038688174356387
0.9120108393559097 1 1 1.096478196143185 1.096478196143185 0.42972204213150134 0.5702779578684987
0.9332543007969905 1 1 1.071519305237607 1.071519305237607 0.35366016755217017 0.6463398324478298
0.9549925860214369 1 1 1.0471285480508985 1.0471285480508985 0.26479771015197817 0.7352022898480218
0.9772372209558111 1 1 1.0232929922807537 1.0232929922807537 0.15668368865833457 0.8433163113416654
